[1] "valoresDeNeuronios"    "2"                     "valoresDeAprendizagem" "0.01"                 
   
       0    1
  0 4116 2655
  1  191 1652
[1] "--------------------------------------------------"


      0    1
  0 3735 2544
  1  572 1763
[1] "numNeuronios:  14 txAprendizagem:  1e-04"
[1] "-----------------------------------------------------------------------------------------------"
   
       0    1
  0 3288 2832
  1 1019 1475
[1] "numNeuronios:  14 txAprendizagem:  1e-05"
[1] "-----------------------------------------------------------------------------------------------"
   
       0    1
  0 2360 1843
  1 1947 2464
[1] "numNeuronios:  14 txAprendizagem:  1e-06"
[1] "-----------------------------------------------------------------------------------------------"
   
       0    1
  0 2483 1961
  1 1824 2346
[1] "numNeuronios:  14 txAprendizagem:  1e-07"
[1] "-----------------------------------------------------------------------------------------------"
   
       0    1
  0 3391 2728
  1  916 1579
[1] "numNeuronios:  15 txAprendizagem:  0.01"
[1] "-----------------------------------------------------------------------------------------------"
   
       0    1
  0 3954 2006
  1  353 2301
[1] "numNeuronios:  15 txAprendizagem:  0.001"
[1] "-----------------------------------------------------------------------------------------------"
   
       0    1
  0 3325 2478
  1  982 1829
[1] "numNeuronios:  15 txAprendizagem:  1e-04"
[1] "-----------------------------------------------------------------------------------------------"
   
       0    1
  0 3116 2516
  1 1191 1791
[1] "numNeuronios:  15 txAprendizagem:  1e-05"
[1] "-----------------------------------------------------------------------------------------------"
   
       0    1
  0 2811 2419
  1 1496 1888
[1] "numNeuronios:  15 txAprendizagem:  1e-06"
[1] "-----------------------------------------------------------------------------------------------"
   
       0    1
  0 1652 1677
  1 2655 2630
[1] "numNeuronios:  15 txAprendizagem:  1e-07"
[1] "-----------------------------------------------------------------------------------------------"
   
       0    1
  0 2832 2857
  1 1475 1450
[1] "numNeuronios:  16 txAprendizagem:  0.01"
[1] "-----------------------------------------------------------------------------------------------"
   
       0    1
  0 3658 2065
  1  649 2242
[1] "numNeuronios:  16 txAprendizagem:  0.001"
[1] "-----------------------------------------------------------------------------------------------"
   
       0    1
  0 3603 2655
  1  704 1652
[1] "numNeuronios:  16 txAprendizagem:  1e-04"
[1] "-----------------------------------------------------------------------------------------------"
   
       0    1
  0 3507 2416
  1  800 1891
[1] "numNeuronios:  16 txAprendizagem:  1e-05"
[1] "-----------------------------------------------------------------------------------------------"
   
       0    1
  0 3155 3091
  1 1152 1216
[1] "numNeuronios:  16 txAprendizagem:  1e-06"
[1] "-----------------------------------------------------------------------------------------------"
   
       0    1
  0 2727 2242
  1 1580 2065
[1] "numNeuronios:  16 txAprendizagem:  1e-07"
[1] "-----------------------------------------------------------------------------------------------"
   
       0    1
  0 2103 1499
  1 2204 2808
[1] "numNeuronios:  17 txAprendizagem:  0.01"
[1] "-----------------------------------------------------------------------------------------------"
   
       0    1
  0 3780 2124
  1  527 2183
[1] "numNeuronios:  17 txAprendizagem:  0.001"
[1] "-----------------------------------------------------------------------------------------------"
   
       0    1
  0 3466 2596
  1  841 1711
[1] "numNeuronios:  17 txAprendizagem:  1e-04"
[1] "-----------------------------------------------------------------------------------------------"
   
       0    1
  0 3038 1888
  1 1269 2419
[1] "numNeuronios:  17 txAprendizagem:  1e-05"
[1] "-----------------------------------------------------------------------------------------------"
   
       0    1
  0 1437  885
  1 2870 3422
[1] "numNeuronios:  17 txAprendizagem:  1e-06"
[1] "-----------------------------------------------------------------------------------------------"
   
       0    1
  0 1878 1482
  1 2429 2825
[1] "numNeuronios:  17 txAprendizagem:  1e-07"
[1] "-----------------------------------------------------------------------------------------------"
   
       0    1
  0 2070 1541
  1 2237 2766
[1] "numNeuronios:  18 txAprendizagem:  0.01"
[1] "-----------------------------------------------------------------------------------------------"
   
       0    1
  0 3885 1829
  1  422 2478
[1] "numNeuronios:  18 txAprendizagem:  0.001"
[1] "-----------------------------------------------------------------------------------------------"
   
       0    1
  0 3397 1888
  1  910 2419
[1] "numNeuronios:  18 txAprendizagem:  1e-04"
[1] "-----------------------------------------------------------------------------------------------"
   
       0    1
  0 3935 3285
  1  372 1022
[1] "numNeuronios:  18 txAprendizagem:  1e-05"
[1] "-----------------------------------------------------------------------------------------------"
   
       0    1
  0 2730 2105
  1 1577 2202
[1] "numNeuronios:  18 txAprendizagem:  1e-06"
[1] "-----------------------------------------------------------------------------------------------"
   
       0    1
  0 2492 2105
  1 1815 2202
[1] "numNeuronios:  18 txAprendizagem:  1e-07"
[1] "-----------------------------------------------------------------------------------------------"
   
       0    1
  0 3780 3580
  1  527  727
[1] "numNeuronios:  19 txAprendizagem:  0.01"
[1] "-----------------------------------------------------------------------------------------------"
   
       0    1
  0 3918 2065
  1  389 2242
[1] "numNeuronios:  19 txAprendizagem:  0.001"
[1] "-----------------------------------------------------------------------------------------------"
   
       0    1
  0 3661 2595
  1  646 1712
[1] "numNeuronios:  19 txAprendizagem:  1e-04"
[1] "-----------------------------------------------------------------------------------------------"
   
       0    1
  0 3029 2655
  1 1278 1652
[1] "numNeuronios:  19 txAprendizagem:  1e-05"
[1] "-----------------------------------------------------------------------------------------------"
   
       0    1
  0 2449 2151
  1 1858 2156
[1] "numNeuronios:  19 txAprendizagem:  1e-06"
[1] "-----------------------------------------------------------------------------------------------"
   
       0    1
  0 2880 2330
  1 1427 1977
[1] "numNeuronios:  19 txAprendizagem:  1e-07"
[1] "-----------------------------------------------------------------------------------------------"
   
       0    1
  0 2501 1976
  1 1806 2331
[1] "numNeuronios:  20 txAprendizagem:  0.01"
[1] "-----------------------------------------------------------------------------------------------"
   
       0    1
  0 3872 1947
  1  435 2360
[1] "numNeuronios:  20 txAprendizagem:  0.001"
[1] "-----------------------------------------------------------------------------------------------"
   
       0    1
  0 3739 2348
  1  568 1959
[1] "numNeuronios:  20 txAprendizagem:  1e-04"
[1] "-----------------------------------------------------------------------------------------------"
   
       0    1
  0 2809 2478
  1 1498 1829
[1] "numNeuronios:  20 txAprendizagem:  1e-05"
[1] "-----------------------------------------------------------------------------------------------"
   
       0    1
  0 2468 2150
  1 1839 2157
[1] "numNeuronios:  20 txAprendizagem:  1e-06"
[1] "-----------------------------------------------------------------------------------------------"
   
       0    1
  0 2460 2124
  1 1847 2183
[1] "numNeuronios:  20 txAprendizagem:  1e-07"
[1] "-----------------------------------------------------------------------------------------------"
   
       0    1
  0 2423 2196
  1 1884 2111
